202512221430/겨울왕국2/2025-12-22/14:30-16:30/[0,1,0,0,1,0,0,0,0,0,0,1,0,0,0,0,0,1,0,0,0,0,0,0,0]
202512221800/스파이더맨/2025-12-22/18:00-20:00/[1,1,0,0,0,0,1,0,0,0,0,0,0,0,0,1,0,0,0,0,0,0,0,0,0]
202512222100/인사이드아웃2/2025-12-22/21:00-23:00/[0,0,0,0,0,0,0,1,1,0,1,0,0,0,0,0,0,0,0,0,1,0,0,0,0]
202512231400/쥬라기월드/2025-12-23/14:00-16:30/[1,0,0,1,0,0,0,0,0,1,0,0,0,0,0,0,0,0,0,1,0,0,0,0,0]
202512231730/슈퍼마리오/2025-12-23/17:30-19:30/[0,0,0,0,1,1,0,0,0,0,1,0,0,0,0,0,0,0,0,0,0,1,0,0,0]
202512232000/라푼젤/2025-12-23/20:00-22:30/[1,1,1,0,0,0,0,0,0,0,0,1,0,0,0,0,0,0,0,0,0,0,1,0,0]
202512241300/어벤져스/2025-12-24/13:00-15:30/[0,0,0,0,0,1,1,0,0,0,0,0,1,0,0,0,0,0,0,0,1,0,0,0,0]
202512241600/토이스토리4/2025-12-24/16:00-18:00/[1,0,0,0,0,0,1,1,0,0,0,0,0,0,0,0,0,1,0,0,0,0,0,0,0]
202512241900/코코/2025-12-24/19:00-21:00/[1,1,1,1,1,0,0,0,1,0,0,0,1,0,0,0,0,0,0,0,0,1,0,0,0]
202512251230/해리포터/2025-12-25/12:30-15:30/[1,1,0,0,0,0,0,0,0,0,0,1,1,0,0,0,0,0,0,0,0,0,0,1,0]
202512251600/닥터스트레인지/2025-12-25/16:00-18:30/[0,0,0,0,0,1,0,0,0,1,0,0,0,0,0,0,0,0,0,0,1,0,0,0,0]
202512252000/겨울왕국/2025-12-25/20:00-22:30/[1,0,0,0,0,0,0,0,0,0,1,0,0,0,0,1,0,0,0,0,0,0,0,0,0]
202512261330/아이언맨/2025-12-26/13:30-16:00/[0,0,0,1,0,0,0,0,0,0,0,0,1,0,0,0,0,0,0,0,1,0,0,0,0]
202512261700/슈렉/2025-12-26/17:00-19:00/[1,1,0,0,0,0,0,0,0,1,0,0,0,0,0,0,0,0,0,1,0,0,0,0,0]
202512262000/겨울왕국2/2025-12-26/20:00-22:30/[0,0,0,0,0,0,0,0,1,0,0,0,0,1,0,0,0,0,0,0,0,0,0,1,0]